

Units for the values: V, mA, kOhm, mS and uF


Values:  R1 = 1.02302308346 
R2 = 2.05847187301 
R3 = 3.14448265892 
R4 = 4.0890992189 
R5 = 3.06982128569 
R6 = 2.02872154531 
R7 = 1.04069982417 
Vs = 5.1692937016 
C = 1.0485127294 
Kb = 7.21708907826 
Kd = 8.33817212086 



